t_s,segment,kind,altitude_m,V_h_mps,V_mps,ground_speed_mps,headwind_mps,climb_mps,gamma_deg,accel_mps2,nacelle_deg,nacelle_rate_deg_s,rpm,mass_kg,fuel_kg,distance_km,theta_deg,phi_deg,alpha_deg,collective_deg,theta1c_deg,elevator_deg,dcoll_deg,dcyc_deg,aileron_deg,rudder_deg,P_req_kW,P_avail_kW,rotor_stall_pct,rotor_stall_margin_deg,wing_alpha_deg,wing_alpha_margin_deg,tip_mach,reverse_pct,rotor_lift_pct,wing_lift_pct,trim_status,residual,flags,feasible
0.0,Take-off hover,hover,2000.0,0.0,0.0,0.0,0.0,0.0,0.0,0.0,90.0,0.0,500.0,7200.0,1500.0,0.0,-0.0073617145168647655,2.8852069340410256e-13,-0.0073617145168647655,25.574891675958046,1.390928054534086,3.477320136335215,-1.5306851704398667e-11,-8.861319718772332e-12,-1.0204567802932446e-10,-2.215329929693083e-11,1980.0015881516294,2284.1884300067322,24.404714764657747,-6.2123662043414365,3.9926382854831357,nan,0.6014104519004757,0.0,99.9999999995085,0.0,ok,1.3339932290556973e-11,rotor_stall,False
5.0,Take-off hover,hover,2000.0,0.0,0.0,0.0,0.0,0.0,0.0,0.0,90.0,0.0,500.0,7199.207999364739,1499.2079993647394,0.0,-0.007361547871222479,9.300719229146857e-08,-0.007361547871222479,25.572983029286167,1.3906211938349808,3.476552984587452,1.909107591269328e-06,7.814216418955461e-07,1.2727383941795517e-05,1.9535541047388653e-06,1979.666488032041,2284.1884300067322,24.404714764657747,-6.210071176940166,3.9926384521287774,nan,0.6014101324657994,0.0,100.00000001656984,0.0,ok,9.309663940010407e-07,rotor_stall,False
10.0,Take-off hover,hover,2000.0,0.0,0.0,0.0,0.0,0.0,0.0,0.0,90.0,0.0,500.0,7198.4161327695265,1498.4161327695265,0.0,-0.0073613813048187685,-2.4000238013110307e-13,-0.0073613813048187685,25.571074656034856,1.390314383152399,3.4757859578809973,-8.241023735692123e-12,1.0671872450572883e-11,-5.4940158237947486e-11,2.6679681126432206e-11,1979.331481525415,2284.1884300067322,24.404714764657747,-6.207772514827995,3.9926386186951808,nan,0.6014098124422629,0.0,100.00000000303307,0.0,ok,3.243875141788785e-11,rotor_stall,False
15.0,Take-off hover,hover,2000.0,0.0,0.0,0.0,0.0,0.0,0.0,0.0,90.0,0.0,500.0,7197.624400176916,1497.6244001769164,0.0,-0.00736121573209082,1.0506306881581056e-13,-0.00736121573209082,25.569166549892724,1.3900076229333593,3.4750190573333986,-8.241023735692123e-12,-1.6205838432015214e-12,-5.4940158237947486e-11,-4.051459608003804e-12,1978.9965678908657,2284.1884300067322,24.404714764657747,-6.205476172594331,3.9926387842679087,nan,0.6014094927931667,0.0,99.99999999992376,0.0,ok,1.7945279671760696e-11,rotor_stall,False
20.0,Take-off hover,hover,2000.0,0.0,0.0,0.0,0.0,0.0,0.0,0.0,90.0,0.0,500.0,7196.83280154976,1496.83280154976,0.0,-0.007361047788648636,1.0530660037180919e-13,-0.007361047788648636,25.567258714383396,1.3897009130908546,3.4742522827271367,-8.241023735692123e-12,-1.6205838432015214e-12,-5.4940158237947486e-11,-4.051459608003804e-12,1978.6617476666165,2284.1884300067322,24.404714764657747,-6.203180197663036,3.9926389522113515,nan,0.601409173198201,0.0,99.99999999981925,0.0,ok,1.203794951460861e-11,rotor_stall,False
20.0,Vertical climb,vertical,2000.0,0.0,0.0,0.0,0.0,0.0,0.0,0.27777777777777785,90.0,0.0,500.0,7196.83280154976,1496.83280154976,0.0,-1.6298537530710724,1.0503771979565219e-13,-1.6298537530710724,25.574460984342213,1.3905203246526219,3.4763008116315546,-8.241023735692123e-12,-1.6205838432015214e-12,-5.4940158237947486e-11,-4.051459608003804e-12,1979.9284809976518,2284.1884300067322,24.404714764657747,-6.210707141418566,2.370146246928928,nan,0.6014104872754842,0.0,100.0000000012227,0.0,ok,2.067934632137651e-11,rotor_stall,False
25.0,Vertical climb,vertical,2000.0,0.0,1.3888888888888888,0.0,0.0,1.3888888888888888,90.0,0.2777777777777784,90.0,0.0,500.0,7196.040830157361,1496.040830157361,0.0,0.007430950133529951,2.6247143651559326e-11,-89.99256904986647,26.329982924612985,1.4319164550591659,3.579791137647915,1.0125797589491593e-09,3.460100170183049e-10,6.750531726327728e-09,8.650250425457623e-10,2117.611205273839,2284.1884300067322,25.26926427496634,-6.284575151306539,-85.99256904986646,nan,0.6015598793675401,0.0,102.91387230801881,-0.07885114722102964,ok,1.2569445802406165e-11,rotor_stall,False
30.0,Vertical climb,vertical,2006.9444444444443,0.0,2.5,0.0,0.0,2.5,90.0,0.0,90.0,0.0,500.0,7195.193785675251,1495.1937856752513,0.0,0.02462499244508527,4.353795534436072e-14,-89.97537500755492,26.09419826245426,1.3810961685884957,3.452740421471239,-1.9055266663319908e-11,-4.754321994128666e-12,-1.2703511108879937e-10,-1.1885804985321664e-11,2074.5598941637713,2282.7534550797773,23.491988067896838,-5.411280298327695,-85.97537500755492,nan,0.6017152716942927,0.0,100.26334025719012,-0.25532226771019584,ok,3.082421848219903e-11,rotor_stall,False
35.0,Vertical climb,vertical,2019.4444444444443,0.0,2.5,0.0,0.0,2.5,90.0,0.0,90.0,0.0,500.0,7194.363961717586,1494.3639617175859,0.0,0.024597152184658383,5.508067564748382e-11,-89.97540284781533,26.113539985515473,1.3834840481838628,3.4587101204596573,1.6129462013287304e-10,3.734379491603225e-10,1.0752974675524868e-09,9.335948729008063e-10,2075.514101531496,2280.172178988433,23.71901480953513,-5.433664234950605,-85.97540284781533,nan,0.6018076743115709,0.0,100.26303961870728,-0.25503077880367575,ok,5.865597135503024e-11,rotor_stall,False
40.0,Vertical climb,vertical,2031.9444444444443,0.0,2.5,0.0,0.0,2.5,90.0,0.0,90.0,0.0,500.0,7193.533756076973,1493.5337560769733,0.0,0.02456960152879745,3.4944190590688135e-12,-89.9754303984712,26.133126647104675,1.385660930338476,3.46415232584619,-1.3070010055434306e-11,-9.730219175542905e-12,-8.713340036956204e-11,-2.4325547938857262e-11,2076.4810814423276,2277.5930603310344,24.114991684485627,-5.456091382980136,-85.97543039847119,nan,0.6019001219718808,0.0,100.26273925794946,-0.254739557718894,ok,1.1610526779233936e-11,rotor_stall,False
45.0,Vertical climb,vertical,2044.4444444444443,0.0,2.5,0.0,0.0,2.5,90.0,0.0,90.0,0.0,500.0,7192.703163644396,1492.7031636443965,0.0,0.02454163640129601,-1.7060672664908663e-13,-89.9754583635987,26.15255533304886,1.387823347218409,3.4695583680460227,-2.34874238789838e-11,-8.75269593284671e-12,-1.56582825859892e-10,-2.1881739832116776e-11,2077.441627816801,2275.016097941158,24.206726327182494,-5.4783411433988745,-85.97545836359869,nan,0.6019926149143237,0.0,100.26243916158052,-0.25444859270452824,ok,2.664626898343321e-11,rotor_stall,False
50.0,Vertical climb,vertical,2056.9444444444443,0.0,2.5,0.0,0.0,2.5,90.0,0.0,90.0,0.0,500.0,7191.87218699327,1491.8721869932697,0.0,0.024513697408952383,-5.3927289635261457e-11,-89.97548630259105,26.171938485974113,1.390032398306405,3.4750809957660125,-2.2385118080037687e-09,-8.648600520717546e-10,-1.4923412053358456e-08,-2.1621501301793865e-09,2078.4012592537265,2272.441290652662,24.206726327182494,-5.500591165994772,-85.97548630259105,nan,0.6020851533012702,0.0,100.26213932666035,-0.2541578794522912,ok,4.705869431151274e-10,rotor_stall,False
55.0,Vertical climb,vertical,2069.4444444444443,0.0,2.5,0.0,0.0,2.5,90.0,0.0,90.0,0.0,500.0,7191.040826489569,1491.0408264895682,0.0,0.024485782635379823,-3.3570047232018594e-12,-89.97551421736462,26.191342518752226,1.3922440747409297,3.4806101868523247,3.73635897237439e-11,1.9814224552465067e-11,2.4909059815829265e-10,4.953556138116267e-11,2079.363213522794,2269.868637299688,24.206726327182494,-5.522866225769919,-85.9755142173646,nan,0.6021777370853405,0.0,100.2618397440692,-0.2538674205158792,ok,3.055442124773713e-11,rotor_stall,False
60.0,Vertical climb,vertical,2081.9444444444443,0.0,2.5,0.0,0.0,2.5,90.0,0.0,90.0,0.0,500.0,7190.209081204159,1490.209081204159,0.0,0.02445826283888211,4.23553656004829e-11,-89.97554173716112,26.210775601893133,1.394458708259367,3.486146770648417,1.9381485636090947e-09,8.006218027013645e-10,1.2920990424060633e-08,2.0015545067534112e-09,2080.3282951488454,2267.29813671667,24.206726327182494,-5.545175111709818,-85.97554173716111,nan,0.6022703663545889,0.0,100.2615404361237,-0.25357721552187085,ok,6.590620628222296e-11,rotor_stall,False
65.0,Vertical climb,vertical,2094.4444444444443,0.0,2.5,0.0,0.0,2.5,90.0,0.0,90.0,0.0,500.0,7189.376949886099,1489.3769498860995,0.0,0.024430395902642545,-1.6259283695906682e-10,-89.97556960409736,26.23022364700089,1.3966757604052988,3.4916894010132467,-4.075270948656861e-09,-1.690029725910797e-09,-2.7168472991045737e-08,-4.225074314776992e-09,2081.295111405896,2264.729787738321,24.206726327182494,-5.567502677087138,-85.97556960409734,nan,0.6023630410515737,0.0,100.26124138085878,-0.2532872648291731,ok,9.159501187796899e-10,rotor_stall,False
70.0,Vertical climb,vertical,2106.9444444444443,0.0,2.5,0.0,0.0,2.5,90.0,0.0,90.0,0.0,500.0,7188.5444318415375,1488.544431841537,0.0,0.024402553150606902,1.1995013646301563e-10,-89.97559744684939,26.24969266891955,1.3988954485002234,3.4972386212505584,5.394296873795838e-09,2.1702475935038827e-09,3.596197915863892e-08,5.425618983759707e-09,2082.264252861924,2262.1635891996457,24.206726327182494,-5.589855390924038,-85.97559744684939,nan,0.6024557612653577,0.0,100.26094258697461,-0.25299756806245793,ok,9.98410972460653e-13,rotor_stall,False
75.0,Vertical climb,vertical,2119.4444444444443,0.0,1.3888888888888893,0.0,0.0,1.3888888888888893,90.0,-0.27777777777777657,90.0,0.0,500.0,7187.711526140392,1487.7115261403924,0.0,0.007777681213884324,-1.6159055672130211e-07,-89.99222231878612,25.53218552851539,1.334172125509005,3.3354303137725125,-3.4770886332021794e-06,-1.731938491569535e-06,-2.3180590888014528e-05,-4.329846228923838e-06,1950.7573388080282,2259.5995399359326,22.260499986800774,-5.3597814835831326,-85.9922223187861,nan,0.602271795461649,0.0,97.24790496238896,-0.07800063974904589,ok,1.680272755336327e-06,rotor_stall,False
80.0,Vertical climb,vertical,2126.3888888888887,0.0,0.0,0.0,0.0,0.0,0.0,-0.27777777777777657,90.0,0.0,500.0,7186.931223204869,1486.9312232048692,0.0,1.6151470576810247,5.4707180530225255e-09,1.6151470576810247,25.76820340860097,1.412695026841886,3.5317375671047153,7.440326279518502e-07,3.725649366567125e-07,4.960217519679001e-06,9.314123416417813e-07,1989.0373646296146,2258.1759963932004,24.844249095852806,-6.436148130663517,5.615147057681025,nan,0.6023431478289746,0.0,99.99998548087174,0.0,ok,3.7844685158243014e-07,rotor_stall,False
80.0,Conversion (hover -> airplane),conversion,2126.3888888888887,0.0,0.0,0.0,0.0,0.0,0.0,0.0457516339869281,90.0,0.0,500.0,7186.931223204869,1486.9312232048692,0.0,-0.27465424779311903,-3.9782860722461933e-10,-0.27465424779311903,25.761657796336664,1.4118554854931162,3.5296387137327905,-5.647068902939714e-09,-2.5212200710006472e-09,-3.764712601959809e-08,-6.3030501775016185e-09,1987.8946798511854,2258.1759963932004,24.844249095852806,-6.4275353609273855,3.725345752206881,nan,0.6023423031134038,0.0,100.00000000196455,0.0,ok,5.832789104391378e-10,rotor_stall,False
82.0,Conversion (hover -> airplane),conversion,2126.3888888888887,0.12200435729847495,0.12200435729847495,-0.12799564270152505,0.25,0.0,0.0,0.13725490196078427,90.0,0.0,500.0,7186.613160056093,1486.613160056093,0.0,-0.8197992944010871,-4.006499456963444e-12,-0.8197992944010871,25.76250360897613,1.436701530579049,3.5917538264476225,2.8312000701404176e-12,-4.136635157409754e-12,1.887466713426945e-11,-1.0341587893524385e-11,1988.3727612313362,2258.1759963932004,24.844249095852806,-6.434184130844523,3.180200705598913,nan,0.6025585996455727,0.0,100.00000000817361,0.0,ok,8.362695435276028e-11,rotor_stall,False
84.0,Conversion (hover -> airplane),conversion,2126.3888888888887,0.45751633986928114,0.45751633986928114,-0.04248366013071886,0.5,0.0,0.0,0.22875816993464063,90.0,0.0,500.0,7186.295020414296,1486.295020414296,-0.0002559912854030501,-1.4034212807704727,8.781926470875997e-13,-1.4034212807704727,25.764975100813682,1.5505452220649918,3.8763630551624795,2.831200070058715e-12,2.6656644612466307e-12,1.887466713372477e-11,6.664161153116577e-12,1990.339060924466,2258.1759963932004,24.836989519812043,-6.473803892999857,2.5965787192295275,nan,0.6035658349984458,0.0,100.00000000601841,0.0,ok,6.561233934417542e-11,rotor_stall,False
86.0,Conversion (hover -> airplane),conversion,2126.3888888888887,1.0065359477124183,1.0065359477124183,0.2565359477124183,0.75,0.0,0.0,0.320261437908497,90.0,0.0,500.0,7185.976566164548,1485.976566164548,-0.00034095860566448784,-2.0194384476737293,3.908570011825747e-12,-2.0194384476737293,25.767069067428295,1.7304245400273046,4.326061350068262,-7.160021483771105e-12,5.739425519633535e-12,-4.773347655847403e-11,1.4348563799083837e-11,1993.250318235824,2258.1759963932004,24.7234761489929,-6.55923974204803,1.9805615523262707,nan,0.6052123532254536,0.0,99.99562940291139,0.004370603677807937,ok,6.705590732925921e-11,rotor_stall,False
88.0,Conversion (hover -> airplane),conversion,2126.3888888888887,1.769063180827887,1.769063180827887,0.7690631808278869,1.0,0.0,0.0,0.4117647058823522,90.0,0.0,500.0,7185.65764611363,1485.6576461136303,0.00017211328976034874,-2.6676908454931847,-5.7686457367657846e-11,-2.6676908454931847,25.767276961384884,1.9680615945794975,4.920153986448743,-8.861366042726997e-10,-5.464537779223734e-10,-5.907577361817997e-09,-1.3661344448059337e-09,1996.8434491534783,2258.1759963932004,24.737995301074424,-6.7266645067623765,1.3323091545068153,nan,0.607495190361744,0.0,99.99154626465688,0.008453738011768042,ok,2.0561095866302228e-10,rotor_stall,False
90.0,Conversion (hover -> airplane),conversion,2126.3888888888887,2.745098039215687,2.745098039215687,1.4950980392156872,1.25,0.0,0.0,0.5490196078431371,90.0,0.0,500.0,7185.338151161766,1485.3381511617658,0.0017102396514161228,-3.615491166091331,-2.0783073595407075e-07,-3.615491166091331,25.77095762621387,2.2524503773792706,5.631125943448176,-4.423729866531587e-06,-2.0109783865551188e-06,-2.949153244354392e-05,-5.027445966387797e-06,2002.0304036624325,2258.1759963932004,24.7234761489929,-6.995299055380158,0.38450883390866925,nan,0.6104103761416736,0.0,99.99760483252791,0.0023951758617484008,ok,2.1173994054407444e-06,rotor_stall,False
92.0,Conversion (hover -> airplane),conversion,2126.3888888888887,3.9651416122004357,3.9651416122004357,2.4651416122004357,1.5,0.0,0.0,0.686274509803923,90.0,0.0,500.0,7185.01782629718,1485.01782629718,0.004700435729847497,-4.600358789649963,5.713716901792891e-10,-4.600358789649963,25.773011600774925,2.579252331531761,6.448130828829403,5.812569308285703e-09,3.262953019591098e-09,3.875046205523802e-08,8.157382548977746e-09,2008.100343996943,2258.1759963932004,24.940104783719036,-7.381498738388507,-0.6003587896499627,nan,0.6140421582196802,0.0,100.03374836797602,-0.033748359399532975,ok,1.470372287164091e-09,rotor_stall,False
94.0,Conversion (hover -> airplane),conversion,2126.3888888888887,5.398692810457518,5.398692810457518,3.6486928104575176,1.7500000000000002,0.0,0.0,0.7777777777777788,90.0,0.0,500.0,7184.69653024214,1484.6965302421404,0.00963071895424837,-5.351620331798134,-4.969820241604941e-10,-5.351620331798134,25.76091759340258,2.925326849201018,7.3133171230025456,-3.6139017279329478e-09,-2.7558422233641202e-09,-2.409267818621965e-08,-6.889605558410301e-09,2012.6052195548316,2258.1759963932004,24.83175469471964,-8.012728917016675,-1.3516203317981346,nan,0.6182933657658111,0.0,100.1162352490398,-0.11623526333885047,ok,3.256855071893702e-10,rotor_stall,False
96.0,Conversion (hover -> airplane),conversion,2126.3888888888887,7.000000000000001,7.000000000000001,5.000000000000001,2.0,0.0,0.0,0.8235294117647022,90.0,0.0,500.0,7184.374513407011,1484.3745134070116,0.016928104575163402,-5.8643071851653366,-1.0124970089859142e-11,-5.8643071851653366,25.72725023179872,3.2690266454528683,8.17256661363217,3.4628203901260774e-10,8.087547833703152e-11,2.3085469267507184e-09,2.021886958425788e-10,2013.9335759858131,2258.1759963932004,24.635022043876557,-8.850504137604382,-1.8643071851653361,nan,0.6230256125292951,0.0,100.2549065872624,-0.2549065873268564,ok,4.859319127519444e-12,rotor_stall,False
98.0,Conversion (hover -> airplane),conversion,2126.3888888888887,8.647058823529413,8.647058823529413,6.397058823529413,2.25,0.0,0.0,0.8235294117647022,90.0,0.0,500.0,7184.052284034854,1484.0522840348538,0.0269281045751634,-6.119738936455377,3.08759059319279e-10,-6.119738936455377,25.665072477346385,3.579133981405781,8.947834953514452,5.565861846438291e-09,3.40501478219556e-09,3.710574564292194e-08,8.5125369554889e-09,2010.2962835038497,2258.1759963932004,24.23155906842839,-9.899844323764967,-2.119738936455377,nan,0.627879939311273,0.0,100.43008737732681,-0.4300873786405227,ok,1.6045286036869371e-09,rotor_stall,False
100.0,Conversion (hover -> airplane),conversion,2126.3888888888887,10.294117647058824,10.294117647058824,7.794117647058824,2.5,0.0,0.0,0.8235294117647022,89.8529411764706,-0.4117647058823333,500.0,7183.730636629493,1483.7306366294931,0.03972222222222223,-6.229802358594467,4.7249414740061876e-07,-6.229802358594467,25.58879390360463,3.829392483572707,9.573544276880558,5.249665283040546e-06,3.655741955160743e-06,3.499799911105988e-05,9.139415095923732e-06,2003.4166803387436,2258.1759963932004,23.837101801468645,-10.882145166130602,-2.2298023585944673,12.770197641405533,0.6327205775614714,0.0,100.62972150519802,-0.6297406933959296,ok,2.45681709000993e-06,rotor_stall,False
102.0,Conversion (hover -> airplane),conversion,2126.3888888888887,11.941176470588234,11.941176470588234,9.191176470588234,2.75,0.0,0.0,0.8235294117647022,89.02941176470588,-0.4117647058824044,500.0,7183.410089960639,1483.410089960639,0.05531045751633988,-5.67319460480015,2.396883421289687e-11,-5.67319460480015,25.45874994074541,3.9440973777426964,9.86307350347701,3.653611971357701e-10,4.632332701339216e-10,2.436440413805316e-09,1.1584155650847e-09,1984.5596084747444,2258.1759963932004,23.508489451699543,-12.257031305087844,-1.6731946048001496,13.32680539519985,0.6375423312072459,0.0,100.63172913828167,-0.6317291389056383,ok,2.576227685983035e-10,rotor_stall,False
104.0,Conversion (hover -> airplane),conversion,2126.3888888888887,13.588235294117645,13.588235294117645,10.588235294117645,3.0,0.0,0.0,0.8235294117647022,88.20588235294117,-0.4117647058823333,500.0,7183.092560423283,1483.092560423283,0.07369281045751634,-5.122572040586949,9.532339332987858e-12,-5.122572040586949,25.301431086295164,4.014746770121721,10.046714713330656,5.073095328766168e-09,2.9312999830060396e-09,3.385381903267509e-08,7.335440154687467e-09,1960.148595389523,2258.1759963932004,22.886627926194773,-13.382642129152783,-1.1225720405869488,13.877427959413051,0.6423514669780942,0.0,100.54477339527504,-0.5447733969269372,ok,7.92795723173135e-11,rotor_stall,False
106.0,Conversion (hover -> airplane),conversion,2126.3888888888887,15.23529411764706,15.23529411764706,11.98529411764706,3.25,0.0,0.0,0.8235294117647111,87.38235294117646,-0.4117647058823333,500.0,7182.778936648021,1482.7789366480206,0.09486928104575164,-4.581341584607429,1.8499242340901835e-11,-4.581341584607429,25.11905018181776,4.043576284899855,10.13007011311159,1.2274418205064767e-11,2.977370658832967e-12,8.200049214143539e-11,7.45898467139867e-12,1930.5353564324375,2258.1759963932004,21.87895032926305,-14.040983413096287,-0.5813415846074296,14.41865841539257,0.6471497660203593,0.0,100.350761729892,-0.350761727899609,ok,2.7463682851062778e-11,rotor_stall,False
108.0,Conversion (hover -> airplane),conversion,2126.3888888888887,16.88235294117647,16.88235294117647,13.382352941176471,3.5000000000000004,0.0,0.0,0.8235294117647199,86.55882352941177,-0.4117647058823333,500.0,7182.470050990992,1482.4700509909915,0.11883986928104576,-4.053859652772103,6.3450689678442766e-12,-4.053859652772103,24.91553437313429,4.033749652759607,10.120838008804062,6.247177111307076e-12,3.423228018483771e-10,4.1798440986600603e-11,8.589014992185065e-10,1896.3305269629973,2258.1759963932004,20.724603143080326,-14.525340220269323,-0.05385965277210328,14.946140347227896,0.6519387901711851,0.0,100.03497071856073,-0.034970712445522766,ok,9.711050442536045e-11,rotor_stall,False
110.0,Conversion (hover -> airplane),conversion,2126.3888888888887,18.52941176470588,18.52941176470588,14.77941176470588,3.75,0.0,0.0,0.8235294117647022,85.73529411764706,-0.4117647058824044,500.0,7182.166638106677,1482.1666381066773,0.1456045751633987,-3.540064873821396,9.323519573651466e-08,-3.540064873821396,24.690533936693022,3.9865273107793717,10.021739207626728,-2.684883680628945e-06,-3.026447497999715e-06,-1.7998758954823006e-05,-7.608192591209904e-06,1857.9229638723507,2258.1759963932004,20.087532857927947,-14.856335888084443,0.45993512617860416,14.540064873821397,0.6567197145653166,0.0,99.58265330650917,0.4173323898251655,ok,1.2501072970373755e-06,rotor_stall,False
112.0,Conversion (hover -> airplane),conversion,2126.3888888888887,20.176470588235293,20.176470588235293,16.176470588235293,4.0,0.0,0.0,0.8235294117647022,84.91176470588235,-0.4117647058823333,500.0,7181.869370432458,1481.8693704324578,0.17516339869281047,-3.0409485102766833,1.5694035416090246e-10,-3.0409485102766833,24.44562963809759,3.904539343028392,9.838738657784397,-6.752175377969105e-09,-5.058242975077026e-09,-4.537138824258074e-08,-1.274586483248424e-08,1815.9397048098208,2258.1759963932004,19.34272175840512,-15.000528043892434,0.9590514897233168,14.040948510276683,0.6614936448263469,0.0,98.98154460431384,1.018455409856301,ok,8.762376379477637e-10,rotor_stall,False
114.0,Conversion (hover -> airplane),conversion,2126.3888888888887,21.823529411764707,21.823529411764707,17.573529411764707,4.25,0.0,0.0,0.8235294117647022,84.08823529411765,-0.4117647058823333,500.0,7181.578820079689,1481.5788200796883,0.20751633986928103,-2.5590355814992507,-3.4651252313204795e-11,-2.5590355814992507,24.183517591162023,3.791208864234693,9.579646273205958,-6.280185569950192e-10,-5.189684924709961e-10,-4.231681481704891e-09,-1.311332285517502e-09,1771.1564475324324,2258.1759963932004,18.867347481516944,-14.996100525854795,1.4409644185007493,13.55903558149925,0.6662609708150536,0.0,98.22317809845832,1.7768219091690056,ok,1.0578402540445919e-10,rotor_stall,False
116.0,Conversion (hover -> airplane),conversion,2126.3888888888887,23.470588235294116,23.470588235294116,18.970588235294116,4.5,0.0,0.0,0.8235294117647022,83.26470588235294,-0.4117647058824044,500.0,7181.295435048083,1481.2954350480832,0.24266339869281045,-2.0980344002758025,-8.299109254922685e-13,-2.0980344002758025,23.907775087645454,3.650249188311111,9.252898311400731,-9.829524334618142e-12,7.886052682456288e-15,-6.644411339288455e-11,1.9990099246588162e-14,1724.4922512813976,2258.1759963932004,18.34016120879998,-14.879363869368946,1.9019655997241975,13.098034400275802,0.6710213742544403,0.0,97.30411633090705,2.6958836716092933,ok,4.4393612446165486e-11,rotor_stall,False
118.0,Conversion (hover -> airplane),conversion,2126.3888888888887,25.11764705882353,25.11764705882353,20.36764705882353,4.75,0.0,0.0,0.8235294117647199,82.44117647058823,-0.4117647058823333,500.0,7181.019516287878,1481.019516287878,0.2806045751633987,-1.6612645249246056,1.4233721822699921e-12,-1.6612645249246056,23.62386314383163,3.4869041835573062,8.870758512316055,-7.401151417637146e-10,-5.155530802055986e-10,-5.020983159295599e-09,-1.311578017070401e-09,1676.9518556320602,2258.1759963932004,17.6848788994123,-14.673696330420185,2.3387354750753944,12.661264524924606,0.6757741503882401,0.0,96.22444651371664,3.7755534867176674,ok,1.1132683204749561e-10,rotor_stall,False
120.0,Conversion (hover -> airplane),conversion,2126.3888888888887,26.764705882352942,26.764705882352942,21.764705882352942,5.0,0.0,0.0,0.8235294117647022,81.61764705882354,-0.4117647058823333,500.0,7180.751203990977,1480.751203990977,0.32133986928104574,-1.2490082117299055,1.0788746801618772e-11,-1.2490082117299055,23.335220146064824,3.303986044597064,8.439311627425148,-3.6149257295626826e-11,-1.333080219223389e-10,-2.4622771266777315e-10,-3.4050626251220846e-10,1629.4657308303035,2258.1759963932004,16.84359848686664,-14.581579240790463,2.7509917882700945,12.249008211729905,0.6805179601339956,0.02583979328165375,94.98369502197046,5.016304979806136,ok,2.4553620051901733e-11,rotor_stall,False
122.0,Conversion (hover -> airplane),conversion,2126.3888888888887,28.41176470588235,28.41176470588235,23.41176470588235,5.0,0.0,0.0,0.8235294117647022,80.79411764705883,-0.4117647058824044,500.0,7180.490489474044,1480.4904894740441,0.36486928104575167,-0.864897905473403,-1.2984393561904995e-11,-0.864897905473403,23.05026829260238,3.1080856044766274,7.9743118233491135,1.4607686265075017e-11,5.4225659940219636e-11,9.994254566440949e-11,1.3912497151538914e-10,1583.265812567194,2258.1759963932004,16.009668028737014,-14.826508176272393,3.135102094526597,11.864897905473402,0.6852508586945298,0.12919896640826875,93.5895596445778,6.410440354521337,ok,1.1866759030633419e-11,rotor_stall,False
124.0,Conversion (hover -> airplane),conversion,2126.3888888888887,30.058823529411764,30.058823529411764,25.058823529411764,5.0,0.0,0.0,0.8235294117647199,79.97058823529412,-0.4117647058823333,500.0,7180.237166944034,1480.2371669440333,0.4116928104575164,-0.5241528558353453,-2.3280712532505113e-12,-0.5241528558353453,22.773829586101716,2.906266708928595,7.4929234474001305,-1.4735398667907058e-11,6.227507876086043e-13,-1.0130863199521737e-10,1.6055732132305328e-12,1538.7835849631233,2258.1759963932004,15.578937517129813,-14.385542100904285,3.475847144164655,11.524152855835345,0.6899682823080147,0.12919896640826875,92.08221482691916,7.917785174345388,ok,2.6638666689984834e-11,rotor_stall,False
126.0,Conversion (hover -> airplane),conversion,2126.3888888888887,31.705882352941178,31.70597105875401,26.705882352941178,5.0,0.07500000000000007,0.1355324352950363,0.8237044972378796,79.1470588235294,-0.4117647058823333,500.0,7179.990961570439,1479.9909615704391,0.4618104575163399,-0.20910427992077074,-8.707277483915769e-08,-0.3446367152158071,22.590342020415076,2.7228625132917696,7.057358681993935,4.793484190752487e-07,5.486741825809985e-07,3.313114988897984e-06,1.4221028374079382e-06,1509.3794371229942,2258.1759963932004,14.869764144001927,-14.242495510824977,3.655363284784193,11.344636715215806,0.69464833093964,0.18087855297157623,90.80893449925306,9.213954795711345,ok,2.942108032431852e-07,rotor_stall,False
128.0,Conversion (hover -> airplane),conversion,2126.538888888889,33.35294117647059,33.35370009640771,28.352941176470587,5.0,0.22499999999999978,0.3865132843095303,0.8240165964360805,78.32352941176471,-0.4117647058824044,500.0,7179.749460860499,1479.7494608604995,0.5152222222222222,0.07302611847338449,-5.241727349744433e-12,-0.31348716583614583,22.50902334062942,2.566884707164212,6.691285112788549,3.3699089551273597e-12,-6.320427078260644e-12,2.342556491138785e-11,-1.647591709015762e-11,1495.3885540797096,2258.145255166224,14.418788422645756,-13.864086289102085,3.686512834163854,11.313487165836147,0.6992826770283506,0.18087855297157623,89.84655550975441,10.219660297687222,ok,1.5350605502190918e-11,rotor_stall,False
130.0,Conversion (hover -> airplane),conversion,2126.9888888888886,35.0,35.00200887092054,30.0,5.0,0.3749999999999999,0.6138598631093278,0.8242856575050431,77.5,-0.4117647058824044,500.0,7179.510198691847,1479.5101986918469,0.5719281045751635,0.332223067495789,-1.0689705681693361e-11,-0.2816367956135388,22.453897154326068,2.4135240592584166,6.330363007671057,1.11620812588948e-11,4.694523396345965e-11,7.80712071422368e-11,1.231313072387851e-10,1485.3191403354906,2258.053033340688,14.071226712026036,-13.491154425398848,3.718363204386461,11.281636795613538,0.7038901203595733,0.2797157622739018,88.82344081751623,11.28328436199783,ok,2.8373198094417926e-11,rotor_stall,False
132.0,Conversion (hover -> airplane),conversion,2127.7388888888886,36.64705882352941,36.65081916431371,31.647058823529413,5.0,0.525,0.820754179827452,0.8245192341034261,76.67647058823529,-0.4117647058824044,500.0,7179.272547629393,1479.272547629393,0.6319281045751635,0.5503770145326504,-3.1481477705551838e-12,-0.27037716529480155,22.43041821844968,2.272353422760741,5.999498387770747,2.3033988813952067e-11,2.5878629592881328e-11,1.6217240078830267e-10,6.832510953845374e-11,1479.1126792645296,2257.899336482636,13.614371321777764,-13.380611818716252,3.7296228347051987,11.270377165294802,0.7084624277857758,0.39728682170542645,87.80884762012849,12.336028597893387,ok,4.329902386669264e-11,rotor_stall,False
134.0,Conversion (hover -> airplane),conversion,2128.788888888889,38.294117647058826,38.300066205775444,33.294117647058826,5.0,0.6750000000000002,1.0098325505149897,0.8247232946404984,75.85294117647058,-0.4117647058823333,500.0,7179.035889600711,1479.0358896007108,0.6952222222222223,0.7162195880600469,4.117019544351511e-06,-0.29361296245494267,22.444977075649614,2.1492176546018884,5.714405516526752,-3.512532147890354e-06,-9.017222520907057e-06,-2.490460723684468e-05,-2.397526653798374e-05,1476.763168780416,2257.684173868407,13.191583729260048,-13.016998484192618,3.7063870375450576,11.293612962454942,0.7129910921422566,0.39728682170542645,86.87122525375885,13.309857475840175,ok,1.341860108369375e-06,rotor_stall,False
136.0,Conversion (hover -> airplane),conversion,2130.1388888888887,39.94117647058824,39.949695904407974,34.94117647058824,5.0,0.8250000000000003,1.1832975800614451,0.8249026049116984,75.02941176470588,-0.5294117647058978,500.0,7178.7996074937055,1478.799607493706,0.7618104575163399,0.8448220444576902,1.5599315517993695e-10,-0.3384755356037549,22.499089592417683,2.0406114386513887,5.466299462369527,-3.890230675387461e-10,-5.229874666397212e-10,-2.7789273282283495e-09,-1.4009556418090321e-09,1478.8165206910826,2257.4075584840293,12.902119994084988,-12.674147865603002,3.661524464396245,11.338475535603756,0.7174742721756305,0.39728682170542645,85.99169349954647,14.223871382654249,ok,6.53287617536254e-13,rotor_stall,False
138.0,Conversion (hover -> airplane),conversion,2131.788888888889,41.58823529411764,41.59966273756185,36.58823529411764,5.0,0.9749999999999996,1.3430036962317966,0.8250610072779444,72.61764705882354,-1.235294117647071,500.0,7178.562996850395,1478.5629968503954,0.8316928104575164,1.799892144298855,-5.4386373532692436e-12,0.4568884480670584,22.292596097956096,1.641632808542633,4.506264773341298,5.904755763099364e-12,1.269480856622426e-11,4.32226463830815e-11,3.4847115840157205e-11,1423.4910483686463,2257.069507024384,11.536443619339737,-11.66802947024573,4.456888448067058,10.543111551932942,0.7215015074633877,0.46317829457364335,81.47260405140777,18.776085917393864,ok,2.9961964547567634e-11,rotor_stall,False
140.0,Conversion (hover -> airplane),conversion,2133.7388888888886,43.23529411764705,43.2499281206275,38.23529411764705,5.0,1.1249999999999998,1.490523237640431,0.8252016271341837,70.14705882352942,-1.235294117647071,500.0,7178.335238282656,1478.3352382826565,0.9048692810457517,2.581825863409491,-1.4665562924639084e-11,1.0913026257690597,22.23554934781415,1.2998875743326885,3.6733810452149713,9.493429814795969e-12,4.262957706190074e-11,7.154051539911592e-11,1.2046786463445247e-10,1382.2612785155063,2256.670039892103,10.187669363026917,-11.008151528967266,5.09130262576906,9.90869737423094,0.7252787540733526,0.5549095607235143,77.11843682438398,23.162216131255498,ok,5.595784696515711e-12,rotor_stall,False
142.0,Conversion (hover -> airplane),conversion,2135.9888888888886,44.88235294117647,44.90045913502814,39.88235294117647,5.0,1.275,1.6271980585172199,0.8253270275089967,67.67647058823529,-1.235294117647071,500.0,7178.114076478094,1478.1140764780941,0.9813398692810458,3.1728397741997725,-7.735557503035307e-12,1.5456417156825526,22.345016411774846,1.0281782084881335,3.00382350010424,8.351354984255762e-12,2.533121045237836e-11,6.506264161166482e-11,7.400515262312958e-11,1356.337779068241,2256.209181196254,9.193467252422952,-10.166510844743776,5.545641715682552,9.454358284317447,0.7287743723889887,0.6350129198966409,73.16346657667721,27.14818177383647,ok,7.119885063173779e-12,rotor_stall,False
144.0,Conversion (hover -> airplane),conversion,2138.538888888889,46.529411764705884,46.55122752591547,41.529411764705884,5.0,1.425,1.754180218302217,0.825439326158878,65.20588235294117,-1.235294117647,500.0,7177.897062433443,1477.8970624334431,1.0611045751633987,3.5774123230697907,-2.9640681452172564e-06,1.8232321047675737,22.624432092919097,0.8299735149876515,2.5177014831381124,2.4265892547197184e-06,5.720420142129978e-06,1.9629308663472197e-05,1.735273477519106e-05,1343.2559935576323,2255.686958750775,7.98265252771708,-9.412046012849833,5.823232104767573,9.176767895232427,0.7319362609198785,0.6350129198966409,69.75916287625725,30.5826459051948,ok,1.4049195331146835e-06,rotor_stall,False
146.0,Conversion (hover -> airplane),conversion,2141.3888888888887,48.17647058823529,48.199816579932126,43.17647058823529,5.0,1.5,1.78335840065692,0.8231305271161907,62.735294117647065,-1.235294117647071,500.0,7177.682141474474,1477.6821414744738,1.1441633986928104,3.833905263374278,2.791312261824609e-06,2.0505468627173578,22.991505638367048,0.6647776888499239,2.1033475053393773,-1.2879037356220172e-06,-4.714152516175265e-06,-1.0866426094511048e-05,-1.4915514014678456e-05,1334.3076729042148,2255.10340407265,7.040161636705449,-8.698018134464096,6.050546862717358,8.949453137282642,0.7347892115561484,0.7810077519379846,66.34074861501718,34.01219183216262,ok,3.623228778581426e-07,rotor_stall,False
148.0,Conversion (hover -> airplane),conversion,2144.3888888888887,49.8235294117647,49.846103990632834,44.8235294117647,5.0,1.5,1.7244406072558363,0.8231564461991417,60.26470588235294,-1.235294117647071,500.0,7177.468652246809,1477.4686522468091,1.2305163398692809,3.8892017870719373,1.1248679287204437e-11,2.164761179816101,23.47305862168174,0.555733220919199,1.8426404877300544,-6.331840800349484e-12,-3.73357297872826e-11,-5.59851659340524e-11,-1.2379380025402263e-10,1327.2483767790209,2254.4892565132736,6.85663223457391,-8.02515047763433,6.164761179816101,8.8352388201839,0.737254599547798,0.7810077519379846,63.335870157398254,37.01155778760199,ok,2.2690750132057803e-11,rotor_stall,False
150.0,Conversion (hover -> airplane),conversion,2147.3888888888887,51.47058823529411,51.49244073926965,46.47058823529411,5.0,1.5,1.669290244746379,0.8231799191889869,55.58823529411767,-2.4705882352942132,500.0,7177.256292506525,1477.2562925065245,1.3201633986928105,4.281587620280177,-4.194774903188544e-11,2.612297375533798,24.323742049461607,0.3536386202771519,1.2989560526298607,2.392057333476122e-11,6.411580532960805e-11,2.3430150995169866e-10,2.355048589909712e-10,1302.7968869944602,2253.8752325512687,6.462506053830998,-9.549634927092194,6.612297375533799,8.3877026244662,0.7372985891185082,0.7810077519379846,57.96472758659562,42.37773680769717,ok,1.688639758264748e-11,rotor_stall,False
152.0,Conversion (hover -> airplane),conversion,2150.3888888888887,53.11764705882353,53.1388222401075,48.11764705882353,5.0,1.5,1.6175572454456444,0.8232012444153006,50.64705882352941,-2.4705882352941066,500.0,7177.047845004605,1477.0478450046053,1.4131045751633988,4.4685449297473285,-1.1258601618120593e-10,2.850987684301684,25.457450045495573,0.24210120176697497,1.0122595621526238,3.1524719319265914e-11,1.42561166927615e-10,3.5149156184494396e-10,5.960685174665658e-10,1286.3001804399746,2253.2613321705485,6.271605262812003,-20.04629595019755,6.850987684301684,8.149012315698316,0.7358465112164336,0.6350129198966409,53.57422605670439,46.76377228120768,ok,1.6257773041824915e-11,rotor_stall,False
154.0,Conversion (hover -> airplane),conversion,2153.3888888888887,54.764705882352935,54.785244458527536,49.764705882352935,5.0,1.5,1.56893359897141,0.823220676083735,45.705882352941195,-2.4705882352941066,500.0,7176.842036975735,1476.8420369757348,1.5093398692810458,4.518299023682177,-1.1817396527208611e-07,2.9493654247107672,26.75944166087242,0.18053133826429568,0.8809522744169734,3.2377752072293985e-08,1.2112926495669796e-07,4.213230360679512e-07,5.910835342384625e-07,1281.6366682811156,2252.6475553550285,5.962384693112552,-33.34498742478891,6.949365424710767,8.050634575289234,0.7330938538361274,0.5549095607235143,49.92474029930842,50.409244587854054,ok,1.7132233641957336e-08,rotor_stall,False
156.0,Conversion (hover -> airplane),conversion,2156.3888888888887,56.41176470588235,56.43170383066449,51.41176470588235,5.0,1.5,1.5231472218796411,0.8232384318803546,40.764705882352956,-2.4705882352941066,500.0,7176.63697510881,1476.6369751088098,1.6088692810457517,4.497651608840654,-1.3029368249235299e-10,2.974504386961012,28.145704590971377,0.13672403411424933,0.8017140048380791,2.368838148322812e-11,1.1574471002204393e-10,3.7040660890547845e-10,6.786967310594008e-10,1282.2438037995948,2252.033902088622,5.084360361999181,-30.02900924761567,6.974504386961012,8.025495613038988,0.729036390521564,0.46317829457364335,46.686577823064525,53.64380656440005,ok,7.636593503028612e-12,rotor_stall,False
158.0,Conversion (hover -> airplane),conversion,2159.3888888888887,58.05882352941176,58.07819719670521,53.05882352941176,5.0,1.5,1.4799568689847198,0.8232546990899784,35.82352941176472,-2.4705882352941066,500.0,7176.431816100202,1476.4318161002018,1.7116928104575164,4.462915949496473,-1.723578913591299e-10,2.982959080511754,29.55678137691632,0.08845347593000914,0.6455229142956587,2.118123878430376e-11,1.1035895455890637e-10,4.12208409590146e-10,8.053864838715564e-10,1285.173534221373,2251.420372355243,3.6281090897298696,-26.633526515651717,6.982959080511754,8.017040919488245,0.7237092571195745,0.39728682170542645,43.528031473023304,56.79913018510883,ok,1.0386267740310489e-11,,True
160.0,Conversion (hover -> airplane),conversion,2162.3888888888887,59.70588235294118,59.724721745214126,54.70588235294118,5.0,1.5,1.4391478855866333,0.823269639552037,30.882352941176457,-2.4705882352942132,500.0,7176.226188334726,1476.2261883347264,1.8178104575163396,4.414983816685879,-1.1214500512649612e-10,2.975835931099246,30.903667879966605,0.040747661465884016,0.38666884790021533,8.671523466368486e-12,5.152531452228501e-11,2.1943233829260375e-10,4.889417769583883e-10,1260.349804659064,2250.8069661388154,3.1594615583743204,-27.527462767929205,6.975835931099246,8.024164068900754,0.7170894658930074,0.18087855297157623,40.48492797494856,59.83935740856851,ok,8.61761262883595e-12,,True
162.0,Conversion (hover -> airplane),conversion,2165.3888888888887,61.35294117647058,61.371274966416166,56.35294117647058,5.0,1.5,1.4005286428617671,0.8232833936979126,25.94117647058826,-2.4705882352941066,500.0,7176.024532365981,1476.024532365981,1.9272222222222222,4.441929971577409,4.91383777279345e-10,3.041401328715642,32.221312268692515,-0.020927715441849577,-0.27340638299154374,-1.4477768759077284e-11,-1.449321434839739e-10,-5.043792319272804e-10,-1.893439981027507e-09,1263.799465213834,2250.1936834232524,2.703751617076326,-24.188538078888147,7.041401328715642,7.958598671284358,0.7093566266454135,0.12919896640826875,36.89766801186578,63.424059509237956,ok,5.679771640661602e-11,,True
164.0,Conversion (hover -> airplane),conversion,2168.3888888888887,62.999999999999986,63.0178546128,57.999999999999986,5.0,1.5,1.3639275316029191,0.8232960838615703,21.000000000000043,-2.4705882352941066,500.0,7175.822324451547,1475.8223244515468,2.0399281045751634,4.5077332928071465,-5.36665919038444e-10,3.1438057612042276,33.42820174167593,-0.06614325191067616,-1.2875592643521898,1.279201155956677e-11,1.0819701325663909e-10,6.640323849599742e-10,2.106187143352962e-09,1253.2255642319117,2249.5805241924745,2.4140826873385013,-23.07257969003006,7.143805761204228,7.856194238795772,0.7004696239306651,0.0,33.03322512435566,67.28623797024291,ok,5.6584842067154894e-11,,True
166.0,Conversion (hover -> airplane),conversion,2171.3888888888887,64.60130718954248,64.61871935126564,59.60130718954248,5.0,1.5,1.3301314298045852,0.7775681974548825,16.196078431372555,-2.3333333333332695,500.0,7175.621808361269,1475.6218083612698,2.155928104575163,4.669019812518037,-2.243952133896012e-11,3.3388883827134523,34.47714379971063,-0.08592938600354515,-2.761249525612385,5.427975258127725e-14,2.459788661093555e-12,4.651259149281044e-12,7.904269528087964e-11,1244.8916410805195,2248.9674884304,1.9612403100775193,-17.88373926372403,7.338888382713453,7.661111617286547,0.6908913404144537,0.0,28.41408413454261,71.89260954231622,ok,6.778005003417667e-12,,True
168.0,Conversion (hover -> airplane),conversion,2174.3888888888887,66.03485838779956,66.05189264734767,61.03485838779956,5.0,1.5,1.3012656360116692,0.6860975248566342,11.895424836601322,-2.0588235294115957,500.0,7175.422625698697,1475.422625698697,2.275130718954248,4.874930551041671,-1.6617541867465577e-11,3.573664915030002,35.27583849639692,-0.0748090870253707,-4.401782757863162,1.0593324743031985e-13,1.0409760259246936e-12,1.6621693453366877e-11,6.12512530825332e-11,1218.2716513326443,2248.3545761209525,1.4638242894056848,-13.401598742906904,7.573664915030002,7.426335084969998,0.6815396510630091,0.0,23.634247083039746,76.64995647009553,ok,9.753733616903572e-12,,True
170.0,Conversion (hover -> airplane),conversion,2177.3888888888887,67.25490196078431,67.27162728635831,62.25490196078431,5.0,1.5,1.2776678072392824,0.5488830898613624,8.235294117647072,-1.6470588235294044,500.0,7175.227702234484,1475.2277022344838,2.3972004357298475,5.088175799935517,2.317265495225949e-25,3.810507992696234,35.82936479374393,-0.04872124156154973,-5.936605304932795,-2.710389462490433e-28,1.501606907751179e-27,-8.806843145887376e-26,1.8296839835696148e-25,1170.447998074307,2247.741787248053,1.0303617571059431,-9.72772151946059,7.810507992696234,7.189492007303766,0.6729664039884852,0.0,19.056587938862272,81.19581509452108,ok,1.708486314653428e-11,,True
172.0,Conversion (hover -> airplane),conversion,2180.3888888888887,68.23093681917211,68.24742294930891,63.230936819172115,5.0,1.5,1.259396861110896,0.411665238258578,5.3071895424836555,-1.2352941176472132,500.0,7175.040430554792,1475.040430554792,2.521710239651416,5.273065669084627,-1.7024882978134802e-24,4.013668807973731,36.202935939002984,-0.02467466999461354,-7.2102422714898955,6.90642135424523e-30,2.663035799361186e-28,5.381710199592817e-27,7.781718375660748e-26,1121.5149632837058,2247.1291217956223,0.6841085271317829,-6.8622230565612075,8.01366880797373,6.98633119202627,0.6657189924062208,0.0,15.135060989237605,85.08661919895414,ok,1.1379171004670406e-12,,True
174.0,Conversion (hover -> airplane),conversion,2183.3888888888887,68.99346405228759,69.00976801826174,63.99346405228759,5.0,1.5,1.2454822065189532,0.3201857742327971,3.019607843137223,-0.9607843137255392,500.0,7174.860988160666,1474.8609881606667,2.64817211328976,5.42153002191125,1.9570702749017296e-20,4.176047815392297,36.4864560143624,-0.009165929991015497,-8.257771150053168,-7.781032112864753e-25,-6.0866280987409505e-25,-1.8693569937724882e-21,-5.483565984483092e-22,1093.8575975682313,2246.5165797475865,0.5006459948320413,-4.6358490103433505,8.176047815392296,6.823952184607704,0.6598210110505573,0.0,11.991029276123623,88.21076489136009,ok,1.4027733472175322e-10,,True
176.0,Conversion (hover -> airplane),conversion,2186.3888888888887,69.54248366013071,69.55865894063476,64.54248366013071,5.0,1.5,1.2356525129138765,0.22870497414238836,1.3725490196078596,-0.6862745098038653,500.0,7174.6859709450555,1474.6859709450557,2.7761590413943353,5.532930868419474,-1.0677476819899065e-24,4.297278355505597,36.64901967472657,-0.002059914256337922,-8.9755643752527,4.503492728878865e-30,4.4166772227376695e-29,5.232760056514213e-26,1.9244573222124982e-25,1061.7078768294364,2245.904161087869,0.3359173126614987,-3.0795475814990394,8.297278355505597,6.702721644494403,0.6554417230033555,0.0,9.600458912396482,90.58166272895805,ok,1.0812984777735999e-10,,True
178.0,Conversion (hover -> airplane),conversion,2189.3888888888887,69.87799564270153,69.89409327719628,64.87799564270153,5.0,1.5,1.229721481123094,0.13722329014314016,0.3660130718953951,-0.4117647058824044,500.0,7174.516097684763,1474.516097684763,2.9052440087145968,5.601370252742186,-9.629469474400513e-25,4.371648771619092,36.70539397267899,-0.00015252370325515068,-9.344053794853373,9.319533668830756e-32,1.813912798266372e-30,1.5225126252247804e-26,1.1112567033479512e-25,1023.5369364530608,2245.2918658003964,0.2842377260981912,-2.1690557187843815,8.371648771619093,6.628351228380907,0.652699035980721,0.0,8.06382953812488,92.09862947204208,ok,5.511160502649544e-11,,True
180.0,Conversion (hover -> airplane),conversion,2192.3888888888887,70.0,70.01606958406049,65.0,5.0,1.5,1.2275788321345442,0.045741132715306734,0.0,-0.1372549019609436,500.0,7174.3523317749305,1474.3523317749305,3.035,5.6253788478987605,-3.9120707211411256e-25,4.397800015764217,36.66418672256007,-0.0,-9.363995786530822,0.0,-0.0,5.29471231146131e-27,-9.231894843254338e-26,978.5838629123385,2244.6796938690954,0.2842377260981912,-1.8919558313392077,8.397800015764217,6.602199984235783,0.6516704556567923,0.0,7.427830004935475,92.71478540371857,ok,3.8443947299774185e-11,,True
180.0,Airplane accel. + RPM reduction,airplane,2192.3888888888887,70.0,70.01606958406049,65.0,5.0,1.5,1.2275788321345442,0.015800802958665372,0.0,0.0,500.0,7174.3523317749305,1474.3523317749305,3.035,5.624471022524237,7.984069262267454e-25,4.396892190389693,36.63290500581651,-0.0,-9.305596741534476,-0.0,-0.0,-7.444572287075279e-27,-1.0520994730549191e-25,962.6534315359075,2244.6796938690954,0.2842377260981912,-1.9183265685506732,8.396892190389693,6.603107809610307,0.6516507139120652,0.0,7.387610270862281,92.748464359385,ok,3.872357136886469e-11,,True
185.0,Airplane accel. + RPM reduction,airplane,2199.8888888888887,70.40849673202614,70.42192156611274,65.40849673202614,5.0,1.375,1.1187809367424162,0.16287942177524886,0.0,0.0,486.6666666666667,7173.967270402316,1473.967270402316,3.36,5.429750137536491,2.8623543109482953e-25,4.310969200794075,37.620126169362926,-0.0,-9.379845285201426,0.0,0.0,5.818647117638958e-27,2.1542748446060775e-26,1025.8433766574315,2243.149803618621,0.2842377260981912,-1.6352472693431075,8.310969200794077,6.6890307992059235,0.6368929384343285,0.0,7.551583751892366,92.60303529404688,ok,2.4758915185529184e-11,,True
190.0,Airplane accel. + RPM reduction,airplane,2206.7638888888887,71.61764705882354,71.6285548523926,66.61764705882354,5.0,1.25,0.9999274764562817,0.29363657939877397,0.0,0.0,473.3333333333333,7173.556933051653,1473.556933051653,3.6870424836601305,5.06051764348157,3.0921480552251904e-25,4.060590167025288,38.91433902473844,-0.0,-9.157548696920967,-0.0,-0.0,-7.512468249990007e-27,-3.3674793926994633e-26,1100.8236514038715,2241.7480812007066,0.23255813953488372,-1.1175161296202365,8.060590167025289,6.939409832974711,0.622625179571726,0.0,7.584251434910151,92.58091453132865,ok,1.106535202920545e-10,,True
195.0,Airplane accel. + RPM reduction,airplane,2213.0138888888887,73.08823529411765,73.09689298053854,68.08823529411765,5.0,1.125,0.8818472887565024,0.2936980480387298,0.0,0.0,460.0,7173.116603591092,1473.1166035910915,4.020130718954248,4.650485861686616,-1.1670274609399985e-24,3.768638572930113,40.19682244791387,-0.0,-8.637312186355265,0.0,0.0,1.0443842110036754e-26,5.029395495727947e-27,1113.2948842607768,2240.474349844492,0.1808785529715762,-0.5981609575569355,7.768638572930114,7.231361427069886,0.6085754579244688,0.0,7.410480084013035,92.73925832287306,ok,1.1830598036061707e-12,,True
200.0,Airplane accel. + RPM reduction,airplane,2218.6388888888887,74.55882352941177,74.56552934225013,69.55882352941177,5.0,1.0,0.7684180297693015,0.29375592088219543,0.0,0.0,446.6666666666667,7172.671285637387,1472.6712856373872,4.360571895424837,4.262583573886057,-7.614155593829644e-25,3.494165544116756,41.519968935542366,-0.0,-8.160389703407727,0.0,0.0,2.3669776951615065e-26,1.1862251502753e-25,1127.849449956254,2239.3284489254825,0.025839793281653745,-0.019611217119134116,7.494165544116755,7.505834455883245,0.5947143629536208,0.0,7.23252917467821,92.90157603017248,ok,5.3360598168438206e-11,,True
205.0,Airplane accel. + RPM reduction,airplane,2223.6388888888887,76.02941176470588,76.03444665602031,71.02941176470588,5.0,0.875,0.6593710601483543,0.29381047238968444,0.0,0.0,433.3333333333333,7172.2201458574045,1472.2201458574048,4.708366013071895,3.895798135604021,-1.2806972860207425e-25,3.236427075455667,42.88416939399604,-0.0,-7.725170573490329,0.0,-0.0,4.836867793919065e-29,-3.695248558139811e-28,1144.3955292291869,2238.3102339437523,0.0,0.6158876930695075,7.236427075455667,7.763572924544333,0.5810552998708775,0.0,7.043110305884005,93.07514113529696,ok,4.977565619512156e-12,,True
210.0,Airplane accel. + RPM reduction,airplane,2228.0138888888887,77.5,77.50362894729511,72.5,5.0,0.75,0.5544579772609138,0.29386195138355214,0.0,0.0,420.0,7171.762387645713,1471.762387645713,5.063513071895425,3.548043917642241,5.610801756821579e-25,2.9935859403813274,44.290147824287686,-0.0,-7.324673878048886,-0.0,-0.0,-2.094732109717612e-27,-3.09871560865359e-26,1162.8413011090952,2237.4195765043196,0.0,1.316052153113086,6.993585940381327,8.006414059618674,0.5675965666255437,0.0,6.847521180554812,93.25464184787407,ok,1.193393095346962e-11,,True
215.0,Airplane accel. + RPM reduction,airplane,2231.7638888888887,78.97058823529412,78.97306142747901,73.97058823529412,5.0,0.625,0.4534487503857254,0.29391058386328434,0.0,0.0,420.0,7171.297251125269,1471.2972511252694,5.426013071895425,3.2236469054219263,2.382160855921067e-25,2.770198155036201,44.778354143130485,-0.0,-6.9834231906114015,0.0,0.0,1.7392122333821364e-27,1.417060975942933e-26,1193.494896470906,2236.6563642997035,0.0,1.6918397680081292,6.7701981550362005,8.229801844963799,0.568844842811125,0.0,6.580406303308408,93.50542031935589,ok,6.308279312038098e-12,,True
220.0,Airplane accel. + RPM reduction,airplane,2234.8888888888887,80.44117647058823,80.44273038610957,75.44117647058823,5.0,0.5,0.3561300578015561,0.29395657546598836,0.0,0.0,420.0,7170.819853166681,1470.819853166681,5.795866013071896,2.9150042835966494,-3.669559648120766e-24,2.558874225795093,45.261474469785085,-0.0,-6.666334621160865,-0.0,-0.0,-2.1499108064508534e-26,-3.33265134549709e-26,1225.7126391846566,2236.0205010946684,0.0,2.0625015568020335,6.558874225795094,8.441125774204906,0.570166287174154,0.0,6.30892479920737,93.76030477082736,ok,1.2276584164829976e-10,,True
225.0,Airplane accel. + RPM reduction,airplane,2237.3888888888887,81.91176470588235,81.91262309456238,76.91176470588235,5.0,0.375,0.2623038007893526,0.294000113626443,0.0,0.0,420.0,7170.329568111007,1470.3295681110071,6.173071895424837,2.6210824841265654,-1.6456062928173064e-19,2.358778683337213,45.73947448415754,-0.0,-6.37134122025611,0.0,0.0,3.1208692132544803e-21,1.518496385683803e-21,1259.5190135058308,2235.5119067131604,0.0,2.428248598805143,6.3587786833372135,8.641221316662786,0.5715096884150079,0.0,6.0324773058046475,94.01988244563964,ok,9.104840856385776e-11,,True
230.0,Airplane accel. + RPM reduction,airplane,2239.2638888888887,83.38235294117646,83.38272771987565,78.38235294117646,5.0,0.25,0.17178577303141135,0.29404136947164233,0.0,0.0,420.0,7169.825760505605,1469.8257605056049,6.557630718954249,2.3409322690535124,4.629508069571258e-20,2.1691464960221007,46.212329426795954,-0.0,-6.096604116297174,-0.0,-0.0,-4.12167056465045e-23,-7.224576816474675e-22,1294.9401496728083,2235.130517027398,0.0,2.7892680915094097,6.169146496022101,8.830853503977899,0.5728946687819833,0.0,5.750523566618787,94.28468200687371,ok,1.4199706300127667e-10,,True
235.0,Airplane accel. + RPM reduction,airplane,2240.5138888888887,84.59150326797385,84.59159562353479,79.59150326797385,5.0,0.125,0.08466532629845322,0.1633615717521999,0.0,0.0,420.0,7169.307784445736,1469.3077844457357,6.949542483660131,2.098551992660223,1.4636089531831958e-24,2.0138866663617696,46.43360755723286,-0.0,-5.693910167441651,0.0,-0.0,7.959592002266599e-28,-2.778815915204908e-26,1239.0054370906396,2234.8762839491756,0.0,2.9395329701863835,6.01388666636177,8.98611333363823,0.5739734577115372,0.0,5.417495766493138,94.5982629886435,ok,3.434011347885015e-11,,True
240.0,Airplane accel. + RPM reduction,airplane,2241.1388888888887,85.0,85.0,80.0,5.0,0.0,0.0,0.016339648690196388,0.0,0.0,420.0,7168.8121822709,1468.8121822708995,7.3475,1.9570550864973644,8.114062958782967e-25,1.9570550864973644,46.37063303874112,-0.0,-5.403036148294904,0.0,0.0,2.9575646864055833e-27,4.4424190228408147e-26,1147.1688713442709,2234.749175423315,0.0,2.8699299180423945,5.957055086497364,9.042944913502636,0.574225432236124,0.0,5.216247536655876,94.78375246296918,ok,1.0227735600704474e-10,,True
240.0,Airplane cruise,airplane,2241.1388888888887,85.0,85.0,80.0,5.0,0.0,0.0,0.0,0.0,0.0,420.0,7168.8121822709,1468.8121822708995,7.3475,1.9562229605368735,2.7204827417341153e-25,1.9562229605368735,46.350623243916964,-0.0,-5.3798128573639215,0.0,0.0,5.229571006285665e-30,8.992745115444023e-29,1136.6230608646968,2234.749175423315,0.0,2.852444806491993,5.9562229605368735,9.043777039463126,0.5742117465948475,0.0,5.205493162896605,94.79450683701795,ok,3.7849423602977224e-11,,True
250.0,Airplane cruise,airplane,2241.1388888888887,85.0,85.0,80.0,5.0,0.0,0.0,0.0,0.0,0.0,420.0,7167.9028838222075,1467.9028838222077,8.1475,1.9556247006685197,-5.391058507706289e-25,1.9556247006685197,46.35057763979407,-0.0,-5.379627967556338,-0.0,0.0,-6.90867748152501e-27,1.704003680196853e-27,1136.5944948409372,2234.749175423315,0.0,2.8530039576441615,5.955624700668519,9.044375299331481,0.5742093653858245,0.0,5.2045391819298406,94.79546081805766,ok,5.954402776211567e-12,,True
260.0,Airplane cruise,airplane,2241.1388888888887,85.0,85.0,80.0,5.0,0.0,0.0,0.0,0.0,0.0,420.0,7166.993608226335,1466.993608226335,8.9475,1.9550264565913555,6.940412610310525e-25,1.9550264565913555,46.350532037416414,-0.0,-5.379443109443153,0.0,0.0,1.1564376649593035e-26,1.4019324268226358e-27,1136.5659328509494,2234.749175423315,0.0,2.853563115073116,5.955026456591355,9.044973543408645,0.574206984231246,0.0,5.20358499939227,94.79641500062331,ok,2.296443608767113e-11,,True
270.0,Airplane cruise,airplane,2241.1388888888887,85.0,85.0,80.0,5.0,0.0,0.0,0.0,0.0,0.0,420.0,7166.084355480054,1466.0843554800542,9.7475,1.9544282281285985,-2.311178996646887e-23,1.9544282281285985,46.35048644244898,-0.0,-5.379258282108999,-0.0,0.0,-4.017174286838095e-24,2.8064989634243555e-25,1136.537375220152,2234.749175423315,0.0,2.8541222420901673,5.954428228128599,9.045571771871401,0.5742046031349323,0.0,5.202630617475999,94.79736938253323,ok,6.589878514644945e-11,,True
280.0,Airplane cruise,airplane,2241.1388888888887,85.0,85.0,80.0,5.0,0.0,0.0,0.0,0.0,0.0,420.0,7165.175125579878,1465.175125579878,10.5475,1.9538300152936794,-5.064798092008086e-25,1.9538300152936794,46.35044085531493,-0.0,-5.379073485532086,-0.0,-0.0,-2.799325431283726e-26,-5.465488412733665e-26,1136.5088223981165,2234.749175423315,0.0,2.8546813663186477,5.95383001529368,9.04616998470632,0.5742022220965302,0.0,5.201676035740682,94.7983239641786,ok,2.979302015990752e-11,,True
290.0,Airplane cruise,airplane,2241.1388888888887,85.0,85.0,80.0,5.0,0.0,0.0,0.0,0.0,0.0,420.0,7164.26591852196,1464.2659185219595,11.3475,1.9532318182205948,1.1942362368279616e-24,1.9532318182205948,46.350395270351676,-0.0,-5.378888720575945,0.0,-0.0,5.021644429218581e-27,-1.6562389468604823e-25,1136.4802741225074,2234.749175423315,0.0,2.8552404760142576,5.953231818220594,9.046768181779406,0.5741998411124752,0.0,5.200721252876691,94.79927874722144,ok,8.358174504950745e-11,,True
300.0,Airplane cruise,airplane,2241.1388888888887,85.0,85.0,80.0,5.0,0.0,0.0,0.0,0.0,0.0,420.0,7163.356734302662,1463.3567343026616,12.1475,1.9526336368196733,-3.4824004773765454e-25,1.9526336368196733,46.35034969000071,-0.0,-5.378703986770987,0.0,0.0,5.153243846963402e-27,2.720677358179607e-26,1136.4517290676324,2234.749175423315,0.0,2.855799579657883,5.952633636819673,9.047366363180327,0.5741974601853059,0.0,5.199766269200068,94.80023373062058,ok,7.581854154226758e-11,,True
